-1.997940533347400960e-01 4.390267858485766839e-01
2.454091010903916917e-02 2.161041901187916281e+00
1.786879920550059619e-01 1.300586828628629066e+00
2.258801338111514068e-01 -1.122977123264713439e+00
8.066367759695493023e-01 3.875329714913355317e-01
-2.419774506055032831e-02 4.931658624753593179e-01
-1.808689181426613057e+00 1.876391064563245059e-01
2.027607869946261410e+00 -1.959527386026956308e-01
-1.404906983255659325e+00 4.267737645973709859e-01
-4.180033995430311733e-01 -9.701264422619727823e-02
2.839392809467452539e-01 -1.787349334559781955e+00
9.757836235202189679e-01 3.696940598954434054e-01
1.124381298890918313e+00 -2.024939965979490442e+00
9.943109130230596282e-01 -1.347547195630858230e-01
-6.097242735132606395e-01 1.026106668565343327e-01
2.068820052899688830e-02 -6.235983110596770018e-01
-1.550394625937028259e+00 -3.533665480435494999e-01
9.867686491512721592e-01 -7.287951320869691108e-01
-2.697033970542968631e-02 9.673631872808200471e-01
-1.167128630928466526e+00 1.760943020897214106e+00
