# sep=86 mas, PA=102 deg, contrast=5:1, pixels=128, plate_scale=1.135697 mas
-1.150449551641941071e-02
-4.107989743351936340e-02
-1.474035233259201050e-01
-5.655565485358238220e-02
-1.167879998683929443e-01
-8.082250133156776428e-03
-6.478981231339275837e-04
-1.515977978706359863e-01
-3.005307912826538086e-01
-1.986193060874938965e-01
-3.423041105270385742e-01
5.116220097988843918e-03
-4.035839810967445374e-03
4.158638715744018555e-01
2.122553065419197083e-02
1.335613578557968140e-01
1.255547851324081421e-01
-5.590973421931266785e-03
-4.421190023422241211e-01
-4.017149806022644043e-01
2.797793149948120117e-01
-3.134772554039955139e-02
1.192651316523551941e-01
1.661569178104400635e-01
-8.079282008111476898e-03
2.977736890316009521e-01
-1.884333603084087372e-02
-3.124350681900978088e-03
-1.220223754644393921e-01
-1.646316945552825928e-01
-1.535681188106536865e-01
-2.370205372571945190e-01
1.693994388915598392e-03
-1.489243842661380768e-02
5.221874713897705078e-01
3.670121356844902039e-02
2.092694789171218872e-01
9.255706518888473511e-02
-4.602302610874176025e-02
-5.329670310020446777e-01
-4.323304891586303711e-01
1.404580175876617432e-01
-1.781034022569656372e-01
1.794975847005844116e-01
1.176835522055625916e-01
-6.398702412843704224e-02
1.890679150819778442e-01
-1.349834054708480835e-01
-1.055868808180093765e-02
5.647968649864196777e-01
6.824694573879241943e-02
3.242676258087158203e-01
-3.115930221974849701e-02
-1.531530171632766724e-01
-5.440306067466735840e-01
-3.599417209625244141e-01
-2.586775831878185272e-02
-3.278428018093109131e-01
2.629500031471252441e-01
-3.757854178547859192e-02
-2.026626765727996826e-01
-4.964663460850715637e-02
-3.571115732192993164e-01
6.027733441442251205e-03
-4.748069122433662415e-02
-1.194123998284339905e-01
5.700884461402893066e-01
3.901071250438690186e-01
6.929331924766302109e-03
6.182776391506195068e-02
1.873721927404403687e-02
3.057802617549896240e-01
1.203090175986289978e-01
1.280213743448257446e-01
7.886110991239547729e-02
-5.557413697242736816e-01
-4.188506603240966797e-01
-3.837205767631530762e-01
-3.892104923725128174e-01
3.080026507377624512e-01
2.508819103240966797e-01
1.085011959075927734e-01
1.711119115352630615e-01
3.134926855564117432e-01
