-3.528819494612299157e-01 2.928524895288601160e-01
6.359552805291908140e-01 1.407950458573980601e+00
1.281382016489596432e-01 3.289765022346809453e-01
1.509454699403696587e+00 -3.956863545237370161e-01
2.135889153617268055e-02 1.165613752985683815e+00
7.277185078425184583e-01 -8.024741816911278303e-01
9.801827335547230735e-01 -4.009137822769867632e-01
-1.788817813960288938e-01 -9.573353250702147654e-02
4.149065008565541723e-01 -1.555674190851324967e-02
-2.048703917080154202e+00 1.710910420729294668e+00
